

환전 고시 환율












통화명
매매기준율
현찰
송금
미화환산율


사실 때 
파실 때 
보내실 때 
받으실 때





				
					
					
					
					미국 USD
				
				
1,276.00
1,298.33
1,253.67
1,288.50
1,263.50
1.000



				
					
					
					
					유럽연합 EUR
				
				
1,346.56
1,373.35
1,319.77
1,360.02
1,333.10
1.055



				
					일본 JPY (100엔)
					
					
					
				
				
980.75
997.91
963.59
990.36
971.14
0.769



				
					
					
					
					중국 CNY
				
				
188.97
198.41
179.53
190.85
187.09
0.148



				
					
					
					
					홍콩 HKD
				
				
162.55
165.75
159.35
164.17
160.93
0.127



				
					
					
					
					대만 TWD
				
				
43.01
48.64
40.00
0.00
0.00
0.034



				
					
					
					
					영국 GBP
				
				
1,576.50
1,607.55
1,545.45
1,592.26
1,560.74
1.236



				
					
					
					
					오만 OMR
				
				
3,314.20
3,609.16
3,115.35
0.00
0.00
2.597



				
					
					
					
					캐나다 CAD
				
				
982.52
1,001.87
963.17
992.34
972.70
0.770



				
					
					
					
					스위스 CHF
				
				
1,281.32
1,306.56
1,256.08
1,294.13
1,268.51
1.004



				
					
					
					
					스웨덴 SEK
				
				
126.89
129.99
123.79
128.15
125.63
0.099



				
					
					
					
					호주 AUD
				
				
888.10
905.59
870.61
896.98
879.22
0.696



				
					
					
					
					뉴질랜드 NZD
				
				
806.24
822.12
790.36
814.30
798.18
0.632



				
					
					
					
					체코 CZK
				
				
53.95
58.53
49.10
54.54
53.36
0.042



				
					
					
					
					칠레 CLP
				
				
1.47
1.58
1.36
0.00
0.00
0.001



				
					
					
					
					터키 TRY
				
				
83.65
0.00
0.00
84.57
82.73
0.066



				
					
					
					
					몽골 MNT
				
				
0.41
0.00
0.00
0.00
0.00
0.000



				
					
					
					
					이스라엘 ILS
				
				
369.11
406.02
339.59
0.00
0.00
0.289



				
					
					
					
					덴마크 DKK
				
				
181.02
185.45
176.59
182.83
179.21
0.142



				
					
					
					
					노르웨이 NOK
				
				
131.73
134.95
128.51
133.04
130.42
0.103



				
					
					
					
					사우디아라비아 SAR
				
				
340.18
361.61
316.71
343.58
336.78
0.267



				
					
					
					
					쿠웨이트 KWD
				
				
4,159.33
4,429.68
3,826.59
4,200.92
4,117.74
3.260



				
					
					
					
					바레인 BHD
				
				
3,384.62
3,601.23
3,113.86
3,418.46
3,350.78
2.653



				
					
					
					
					아랍에미리트 AED
				
				
347.40
366.50
323.43
350.87
343.93
0.272



				
					
					
					
					요르단 JOD
				
				
1,799.72
1,959.89
1,655.75
0.00
0.00
1.410



				
					
					
					
					이집트 EGP
				
				
68.99
0.00
0.00
0.00
0.00
0.054



				
					
					
					
					태국 THB
				
				
36.94
38.78
34.73
37.30
36.58
0.029



				
					
					
					
					싱가포르 SGD
				
				
918.02
936.28
899.76
927.20
908.84
0.720



				
					
					
					
					말레이시아 MYR
				
				
291.19
309.53
269.65
0.00
288.28
0.228



				
					
					인도네시아 IDR 100
					
					
				
				
8.78
9.39
7.91
8.86
8.70
0.007



				
					
					
					
					카타르 QAR
				
				
349.23
0.00
0.00
0.00
0.00
0.274



				
					
					
					
					카자흐스탄 KZT
				
				
2.90
0.00
0.00
0.00
0.00
0.002



				
					
					
					
					브루나이 BND
				
				
918.02
954.74
862.94
0.00
0.00
0.720



				
					
					
					
					인도 INR
				
				
16.51
0.00
0.00
0.00
0.00
0.013



				
					
					
					
					파키스탄 PKR
				
				
6.75
0.00
0.00
0.00
0.00
0.005



				
					
					
					
					방글라데시 BDT
				
				
14.71
0.00
0.00
0.00
0.00
0.012



				
					
					
					
					필리핀 PHP
				
				
24.35
26.78
22.36
24.59
24.11
0.019



				
					
					
					
					멕시코 MXN
				
				
62.64
68.90
57.38
63.26
62.02
0.049



				
					
					
					
					브라질 BRL
				
				
247.18
272.39
227.41
0.00
244.22
0.194



				
					
					
					베트남 VND 100
					
				
				
5.56
6.21
4.91
5.61
5.51
0.004



				
					
					
					
					남아프리카 공화국 ZAR
				
				
79.14
83.88
72.81
80.08
78.20
0.062



				
					
					
					
					러시아 RUB
				
				
18.42
20.16
15.20
19.06
17.78
0.014



				
					
					
					
					헝가리 HUF
				
				
3.56
3.89
3.28
3.59
3.53
0.003



				
					
					
					
					폴란드 PLN
				
				
287.81
310.83
264.79
290.97
284.65
0.226



